bike
2 0.45
4 0.3
6 0.16
8 0.1
Cabin
2 0.24
4 0.1
6 0.1
8 0.1
andy
2 0.52
4 0.24
6 0.1
8 0.1
chair
2 0.95
4 0.1
6 0.1
8 0.1
plant
2 0.38
4 0.13
6 0.1
8 0.1
table
2 0.7
4 0.38
6 0.17
8 0.1
splane
2 0.1
4 0.1
6 0.1
8 0.1
ATV
2 0.79
4 0.73
6 0.67
8 0.6
tree
2 0.43
4 0.37
6 0.32
8 0.28
hammer
2 0.32
4 0.1
6 0.1
8 0.1
CocacolaFinal
2 0.59
4 0.37
6 0.1
8 0.1
plane
2 0.53
4 0.18
6 0.1
8 0.1
apricot
2 0.1
4 0.1
6 0.1
8 0.1
GarbageFinal
2 0.85
4 0.83
6 0.81
8 0.79
drawer
2 1.0
4 1.0
6 1.0
8 1.0
BigCabin
2 0.65
4 0.52
6 0.4
8 0.29
